4
4
5
4
3
3
2
3
3
3
4
3
3
3
2
2
3
3
3
3
4
3
3
4
4
4
4
4
4
4
4
5
4
4
3
3
4
4
2
3
3
3
2
2
2
2
2
2
1
3
1
2
2
1
1
1
1
1
1
2
2
3
2
2
2
2
2
2
2
2
2
2
2
2
2
2
1
-1
-4
-7
-9
-13
-14
-17
-20
-22
-25
-29
-32
-34
-36
-37
-38
-40
-35
-30
-23
-18
-12
-6
0
5
10
14
16
18
19
22
25
29
29
31
28
25
23
20
21
22
22
20
19
18
16
16
15
13
13
13
16
12
12
11
10
9
8
8
7
9
9
12
14
19
21
23
25
29
32
35
38
41
44
45
46
44
46
49
53
59
60
65
59
57
60
60
61
60
59
60
62
62
61
59
55
51
49
45
37
30
24
21
20
16
17
18
18
18
20
19
19
18
17
17
15
15
14
13
13
12
11
11
10
9
9
4
9
9
9
9
8
7
7
6
4
2
2
2
0
-1
-1
0
2
3
4
4
4
5
5
5
4
4
4
3
3
3
3
4
4
5
5
4
4
4
4
4
5
5
4
4
3
3
3
5
4
4
4
0
-9
-20
-32
-42
-51
-58
-64
-68
-74
-72
-73
-74
-75
-71
-65
-59
-50
-41
-26
-10
7
23
40
51
59
62
61
56
51
45
39
31
31
32
31
31
30
26
23
22
23
22
22
21
20
19
17
14
13
11
13
16
20
23
25
26
27
28
30
33
37
37
38
37
39
44
46
50
53
56
62
66
72
75
74
72
69
71
70
71
73
74
73
73
74
72
66
60
54
46
40
33
28
26
26
27
26
25
22
19
19
16
15
13
13
13
12
13
14
13
14
13
11
10
8
5
7
8
8
8
8
8
7
7
6
6
4
4
4
5
6
6
6
6
6
6
5
5
5
4
4
4
3
4
4
5
6
6
7
7
6
10
9
9
10
10
10
8
8
4
0
-3
-8
-10
-13
-13
-13
-12
-13
-9
-6
-3
-1
1
1
2
3
3
3
3
3
2
1
3
2
3
2
3
2
3
3
5
7
7
7
7
7
7
7
7
6
5
4
4
5
4
3
4
4
4
4
4
4
4
3
4
4
5
5
5
4
4
4
4
4
5
5
6
6
6
6
5
6
9
14
18
22
25
27
33
36
39
40
41
41
41
43
48
54
55
59
62
65
68
71
77
81
84
88
93
99
104
107
111
112
111
109
109
107
103
101
96
91
86
79
70
63
52
45
39
32
28
26
27
30
33
36
39
43
48
52
55
55
52
47
39
30
23
17
10
5
0
-5
-8
-12
-15
-16
-20
-22
-26
-29
-32
-37
-37
-41
-44
-47
-51
-52
-46
-42
-36
-30
-24
-18
-12
-6
-2
2
1
0
-4
-8
-7
-4
-1
0
0
0
0
0
0
0
-3
1
-1
0
1
1
2
2
2
3
5
4
3
4
4
3
2
1
0
2
3
5
5
4
4
4
3
4
4
3
4
3
3
3
4
4
4
3
4
3
3
4
4
7
6
6
5
7
8
13
23
35
48
59
68
75
82
87
89
91
93
93
95
95
95
95
95
94
94
94
95
96
98
99
97
97
92
85
80
75
66
59
53
46
40
33
26
20
16
10
6
2
-2
-8
-7
-3
-2
4
9
14
15
15
14
10
7
6
6
6
8
9
9
9
10
9
8
7
6
6
5
4
4
3
4
5
8
7
7
7
5
4
4
3
4
5
5
6
6
5
4
2
-2
-5
-10
-13
-15
-18
-21
-26
-31
-32
-36
-40
-40
-40
-38
-33
-24
-18
-12
-7
-1
5
8
10
15
19
23
27
31
35
40
43
48
49
48
43
40
34
29
23
17
15
16
17
16
16
15
13
12
11
11
11
11
11
12
12
12
11
11
10
10
10
10
9
9
9
9
9
12
14
16
17
20
24
25
27
28
31
34
36
38
40
43
44
44
43
45
48
52
56
59
62
61
61
62
62
63
64
65
65
61
59
57
54
52
48
45
39
33
31
31
32
31
30
29
27
23
21
19
18
17
17
16
16
15
13
12
11
10
10
10
10
9
9
9
6
6
8
8
9
8
9
9
9
8
6
5
4
3
3
3
3
3
3
4
5
4
4
4
4
4
1
2
2
2
1
1
1
0
-1
-1
-1
-1
1
1
1
1
1
0
-1
-2
-2
-1
-1
0
-5
2
14
26
42
61
76
85
84
84
85
87
90
92
95
98
1,ストレートスタート:0
1,ストレートエンド:0
